-9810
2384
-9958
-7145
-5957
9039
1882
-6378
1790
-9491
284
1516
-2241
9381
-3459
9118
8621
7343
2721
8606
8733
8141
-2249
1603
6456
-5025
606
2122
-3082
-6466
5646
-1755
-1741
-8449
6456
8189
9314
-2006
6975
4231
-8855
6500
-6415
846
6872
8989
-2006
-9157
-9416
-3268
2212
-5687
-2672
-6850
-8627
-3435
9314
-9419
4044
-645
6254
-4172
483
6037
-1756
2911
-7269
1823
-7903
-2979
-3359
-8108
715
-4260
7542
-7363
-3033
-4434
-3601
-6626
-4579
7719
-161
4477
-9447
7877
7225
-2083
-8469
831
-6721
-3484
9331
6086
9864
3868
-1466
-7218
8051
3644
2423
6891
7901
-5928
-9345
-6997
6872
6884
-8980
550
4084
8025
5989
707
6149
9095
-3469
-9816
-5133
9979
7838
2852
-3087
5600
2414
-5127
-8245
-1375
-1039
-4061
9835
-184
5963
-9029
-7481
8663
1513
-8298
374
5115
-9062
1416
5382
-8680
2369
3420
-4512
-7535
619
6898
9536
-661
-4712
-3559
-2835
-3888
-9173
7949
-6122
-2105
9426
-6932
-185
7453
7578
-8665
-3207
-4327
-7365
6519
1876
2129
5178
8962
4688
1224
-5284
-9085
-5006
-9492
3381
4435
-5315
3289
854
9065
-404
-2813
6493
-9224
-5137
1636
-9856
1484
3781
-8198
-2741
-5816
-560
-8373
-8109
8510
-8167
9602
9781
6592
-8265
230
1675
3266
3973
5963
7997
6601
6793
-8417
-4928
2502
-881
9680
-3059
-6754
-262
7562
-7752
-9685
-1893
-7920
-5281
-4480
7563
-9582
6904
-1214
4287
777
-3532
-3087
4823
9083
-561
-1258
-383
8143
3688
-8394
3480
-1783
-9452
-8124
8555
-637
9588
4969
4182
9328
8099
3841
-4949
3454
-1246
-7341
-4968
-7838
-6667
265
-1552
4711
2621
5916
-6213
-7689
-4465
-4439
-940
-7207
3302
-8244
-7216
-1091
-6385
4907
-5733
-6122
4178
3035
-2072
4230
7619
3496
-5047
9403
2298
-7926
8342
2449
9936
-3819
-8837
6153
-5360
4248
-262
2828
-8731
6349
-5271
-5550
-911
8840
-2747
1135
-5701
-2659
-7079
7260
-8410
-9148
-6442
135
9073
-9201
9345
-8851
-5072
-2724
9979
9448
3686
5123
-7432
5126
8361
222
2492
9215
2331
2330
7539
-3030
360
-7934
-8210
-5392
1969
3226
6914
5840
5715
-2152
4149
2067
3141
9186
-6122
7437
-6950
-7911
-687
-9324
-237
7152
-7891
1920
-532
-686
2704
8127
-2579
7849
800
6300
1680
4291
7026
-6855
-5560
4937
8605
5179
-6237
4074
4819
-3937
5577
-604
3480
8946
4421
-9953
-4485
-3438
2702
-1311
4154
-7831
3289
-8254
6790
7663
6708
-356
-4386
-322
-716
-6256
7000
3296
2741
-5484
2253
-5371
819
-401
-1140
-3701
5780
9050
8422
-7439
9744
6636
2003
6906
-7445
8288
5228
-2023
-9703
-6523
2685
7152
-602
6889
2213
1848
-4840
-8626
-9631
-5412
-5690
2734
2654
-1918
-8259
4599
-9923
-5382
8643
-2969
3107
7332
-1529
-4213
-7708
-1172
-4859
9516
2856
2102
-9059
-4924
-1336
-3533
-953
4296
1325
-397
940
-4737
2152
8193
-363
9630
4236
3857
-4061
3353
6437
3841
4933
9146
7641
-6842
-9517
3575
8356
-1500
-7090
-8775
-1127
-3840
8671
-9278
-2163
-3804
9332
-4502
-432
-7802
-1830
-8409
9141
3805
4739
2173
4385
-1190
5824
8115
-4739
-9923
6642
-6000
-9811
-5299
-9391
-7280
-9856
9094
4203
7292
-5267
8802
-5784
2744
-2495
-8379
-9120
-5715
2570
-7917
-8409
-3700
2351
8077
8295
-5710
5362
1864
5374
4400
-3619
-7052
2691
-8541
-8387
-5690
3968
-799
-6599
-255
5078
-3416
6837
5535
2214
-2712
9116
7552
8998
-3472
-8278
4975
308
7959
6219
2272
-6064
-7568
9089
-8726
8819
-4654
-2614
-9167
1328
7343
2880
5961
-9435
3182
-4820
-5917
-7
1877
-9220
5983
-5994
-2008
3829
8977
5028
1184
8545
9381
-7573
-5465
-3692
2312
-2496
-4904
-2244
-9269
-5047
-9410
-9789
-4620
3683
8079
5367
-9339
8674
6907
-2066
5693
-6066
5932
-8587
-8124
-8892
2460
2163
-3396
2967
8458
8823
-9078
-5827
9213
834
-8617
2849
-9727
-847
5989
1611
-9081
-8587
-285
3370
-4423
6938
9520
-3707
3839
4599
6116
7959
3376
9443
431
-8945
-438
-6077
-1475
-7770
-2609
3025
-1784
-7503
8844
59
-5198
1912
334
6588
-9157
-4706
-4461
-2143
1495
-2228
1750
169
4991
8903
7552
8570
2766
8469
8797
-5157
-1768
-6375
-2272
9985
-9810
-3286
3763
2171
4456
-2309
-9233
9704
2085
5951
4382
1877
-1708
2599
1839
-3660
3374
6285
-4423
-5098
6316
4906
9325
-4917
4644
8801
1763
593
3810
1547
3064
5126
5994
5111
1669
3841
5839
4849
-245
-2169
7804
-3808
-6973
-568
-8697
-8620
6969
2505
-7756
7415
-6196
1152
-3089
-7406
-3055
-1172
2806
4244
-630
-322
8814
-3008
4080
-5529
4543
5728
2260
445
4700
-8832
-2317
3249
4595
1273
-8216
-429
5235
-7930
3078
5746
946
-8876
-9429
-7689
-6193
-1111
1891
1209
2729
-9339
-4029
5050
-8292
9045
9161
4191
5662
8776
3952
5304
-7829
2528
-8445
-9066
3458
1663
3435
6626
-8862
-7979
6354
8102
3497
-7431
8910
7940
-6506
5358
2174
-2646
-1662
7056
8134
-1471
9758
392
-8739
-697
-1218
-2181
-1408
29
5968
6237
-8191
-9884
7055
-597
-7522
-8068
-4893
7652
-4707
-6973
-1384
3783
1374
7269
2643
2236
9252
-8007
-1783
-1822
7453
5673
5255
-7365
-392
9951
2131
6578
-7958
-3368
-3533
3937
-2724
6117
-9897
1347
1831
6493
6212
-857
165
9090
1766
9000
-7360
1441
-2554
3637
8660
-4482
220
2423
7008
8942
-2469
5295
1551
2666
-9570
-8968
-3691
744
-9324
-2090
7141
7866
-478
-7062
8958
-9379
7899
-8927
1009
-8245
-2442
-6778
9069
-5677
-3740
935
3487
-3054
-1181
-7000
-7665
-2087
3862
-6178
3310
9575
7622
7968
4937
-3024
7030
-9816
8347
2522
5717
-2199
549
-28
-4209
-2506
-738
753
-9746
-5369
-4097
9862
-7363
-403
4303
-5055
2666
-3954
1029
2949
-6087
-5014
8045
-9248
6518
6604
-2137
6806
-6915
8738
9485
-7676
-7900
4031
2450
9478
5744
7510
7026
-7471
-3582
-3619
3761
5456
-5801
3599
3293
3525
2161
-8572
8407
-8884
5259
389
222
429
-3563
6667
-1471
6790
8331
5415
8266
-37
4149
-7380
7882
7263
5693
3094
769
-9662
-9819
-1471
-8108
-4780
-5860
-4089
-7239
2598
1312
1059
730
-9123
2704
-6267
1312
4819
3439
8016
3635
-4783
-8430
9358
1986
-8055
-8581
-4953
221
441
6884
-3754
-8795
-3813
-9027
9334
-8109
3064
-3523
1209
-2199
-8928
1110
-1989
-6352
-3472
2608
4847
-570
167
5415
3185
-8614
3908
5314
9007
429
-4360
-7443
-9757
-1985
-6602
-5405
6437
-2417
-9805
-1937
7343
-8314
1791
-6046
3024
-498
-9448
-4574
-9281
1326
-3998
1411
-7603
3798
-2503
3901
-4113
6896
5908
7038
-3890
8874
-1657
-3691
-5519
5800
-2836
-7949
-7365
2605
9148
-2675
-4840
-2104
8826
-3918
4811
-3187
2423
999
-8274
4341
1094
-991
29
5916
-9387
5054
9253
3834
6474
-2067
6844
1067
-2048
8688
3478
-3985
9283
-7457
-3740
9202
7686
1791
-8394
3466
7583
2074
4595
-5182
-4331
4937
9789
9090
9337
-37
-2570
-6903
5448
148
-6541
-5238
402
-9189
-5518
2947
334
1476
-785
-6888
6680
1847
190
3244
8772
-9340
-5018
-7779
2821
-6529
-8959
-7818
-6115
-62
5177
100
3576
916
-8756
6919
3901
2967
-6734
-1072
8362
-2808
1135
8832
2312
-9055
-6767
-7494
-3107
5133
-5371
-6040
-4795
-1544
9488
8776
-5551
-9688
-1520
5282
-8373
-8500
-3751
-5265
-6041
-436
6797
3680
-7193
2780
-7356
-3306
-9011
-9754
629
9937
-7152
-9943
-8525
2074
-5813
-5925
9772
-7012
9854
-7389
-1554
-8802
-3251
-2487
1909
7014
-4816
381
7949
-6158
-8318
7569
-9374
7410
-2759
5759
9014
5123
2592
224
1151
-3545
-1927
1210
2748
-6046
9541
7683
-8363
-5827
-7028
-2380
-8464
-8509
1695
-8980
6708
-2855
-4108
-3888
-8570
7495
-660
-255
-3170
-1830
9951
2450
661
8424
4080
-8087
9009
-353
-1368
-4850
-12
9599
-2956
482
6292
169
-3885
-3481
-1937
-7509
1940
8333
834
1909
7332
-894
7477
-3266
-5281
-4495
5602
9429
-8966
3363
2376
-9442
-5198
-4498
7246
-9101
6379
662
-8959
1812
-9258
-1519
712
-7752
-6534
4046
4541
-4232
4163
-2614
3692
-8854
9979
2884
-1278
8817
9735
-3089
-9626
-5698
9119
9488
2622
-5528
-4597
-4443
1701
9008
-4449
3165
6056
5827
-6440
669
-7545
-9945
6564
2796
-2594
-7055
-3235
-4845
2503
-7329
-1763
9467
-8048
5946
4230
2970
-1000
4674
7289
15
5177
-6202
-6161
7343
-7701
-8243
-2285
9850
9524
-9811
4749
1612
6377
-6035
-696
4921
3366
-5254
-2487
-363
6586
688
1231
1031
401
-9163
2473
-9319
4226
-6459
4884
1492
9398
-5213
1444
3935
2429
-302
-363
262
6177
-3779
7877
-2617
-9576
9744
-5569
165
-8830
-804
9804
493
3771
8292
571
-2397
-7726
-5918
6374
2043
4473
8782
8051
6753
1763
4008
853
-6915
-8008
-3184
-941
-4620
7660
8408
1610
5355
-4491
-2331
9829
5125
1268
2883
4265
7470
-3804
8804
7600
921
-7868
4287
5832
-3937
-6018
-8145
6489
-714
9942
328
7986
4041
416
0
1847
-74
5544
9535
6198
-4370
-2499
6306
4348
-9494
1369
-744
818
9407
-2095
-4164
-2722
2903
-7643
-6592
-1082
6917
-4410
-4001
-763
4293
-3059
-9628
6088
3191
-566
4649
1555
3513
-6414
4796
-1924
6469
5152
-8607
971
-3691
6137
7901
8311
-3687
-3363
1631
1827
-7551
-6138
5830
-4896
619
8416
1114
-6487
7416
-3543
-8224
6666
-5222
-4443
-3754
-2181
-7840
-7193
6850
-3214
4031
9760
-3368
8998
9118
-1535
5557
2734
-3639
-331
-6902
-8007
-9735
9744
1743
8842
-3075
9927
-7643
2856
6127
-3691
9646
8221
-5754
6810
-1172
-3096
1982
-1917
-7363
-8121
3179
-6629
5325
4362
-820
-5128
5291
8115
7589
1652
383
5705
-3145
-1493
2276
-5685
-5064
5797
6254
4910
-9731
3779
5876
906
7641
-9817
-6724
7542
4644
-3090
-8509
8610
1585
9893
-5959
7663
-4423
8958
7552
-824
-5271
-8145
-4039
-9337
-685
2666
-5006
-4427
-3565
-751
4975
6723
-2680
-5860
-5732
-4273
2852
-7943
2401
599
6844
-4357
9527
5693
-6752
-5851
6888
-8004
9039
-3477
3971
5144
7692
-8832
-105
-1830
3402
4354
8692
4287
6952
9276
-8355
-7573
-8031
7671
-6182
3901
5069
-7619
5728
-8563
-4198
-4908
9755
9195
6585
-9593
-7135
7123
2093
-4104
7254
-7562
-4664
8137
9979
6000
3611
6181
2959
-8261
-4654
9347
-2051
-3664
-8130
5645
9665
9766
5354
-6178
5087
-3767
-9082
-9112
-8466
47
-2935
1425
-7891
-9958
-3107
-1299
6977
4650
-5130
-1471
-9467
4278
1862
6767
5535
7761
-9804
6087
-5999
-9286
-1388
-7768
-4699
-3895
8275
9234
7382
306
4374
4643
8733
-8733
-7119
6952
-4938
-5374
-5206
-8422
7592
2469
9338
-9703
-7239
1471
-6548
-6552
-2462
-8034
-6910
-2732
9892
-8104
-6346
-7840
5126
5010
-5235
-7067
-1914
-8963
-4873
3607
4369
2032
7927
-4941
7872
-8839
-3918
8197
-2062
-4298
-8379
9850
6556
-4627
5310
5918
-1464
3430
7621
-9891
8033
3733
6174
7239
-1581
6405
5274
-1237
-3954
2202
-1063
4424
-8626
-8861
-2365
-6465
-3096
-9685
7379
4343
7172
-8600
5073
-4092
-2112
1347
-1028
-5382
-8589
-7273
204
-7419
-928
702
5193
-6532
-1256
4760
8127
-2620
303
2884
7312
-705
-6198
-8291
-9717
2492
4934
-744
-1976
550
2766
-8245
-7416
800
-4597
7248
3211
7838
2348
-8828
550
3113
8887
922
1748
-1386
9000
7462
-4174
-4675
-5526
-5505
4269
3858
8621
-8082
6335
-5023
6950
3098
8464
-9087
-8190
-4252
-454
-6708
5349
8702
9015
3035
5535
1403
-1488
-2784
-7025
8050
-478
-9303
3991
-5529
69
-6778
702
3368
-3468
-8324
-2683
4112
1608
-560
8196
-45
6379
8165
9893
1191
669
5780
69
4749
1976
9739
-2106
-1371
-4908
642
-9164
5441
5144
-9651
787
3359
8421
-1554
6219
-7409
2667
-9877
7098
8784
5390
-3255
-9735
4729
2809
6497
-4211
7427
7853
-4051
-6190
-1118
-7529
6666
-5133
4838
-2892
7694
-7250
7363
1563
-1529
491
3882
4095
2095
1677
4605
253
6255
-6641
-7207
-2359
-9758
9839
9816
-6548
1557
-732
-5746
8253
-993
-8253
7844
-5598
-4783
3275
-9255
-6544
-3967
9264
-8961
-3942
-714
-4620
-8489
749
889
4886
-1243
-6087
-3707
-6634
9703
3449
8752
1960
9524
504
8077
1600
-9662
-6848
-9615
-1468
-7177
-2152
-3211
8645
-743
-4827
2454
777
895
6708
-9882
794
6914
2403
7141
-2969
-8967
-7432
2720
-3505
6977
-9036
2312
-8039
-391
8179
362
5031
-8997
8977
-2629
-8845
2780
-2236
-4974
9124
541
2585
1139
1182
-5987
-8210
-8430
-5063
-1911
9081
9704
-471
5540
-3260
-1784
-96
-3101
-4488
9883
251
8659
-7450
-6964
-2331
713
2636
2154
-6213
-2892
-9272
-9013
3733
-8956
3129
-9972
3562
1761
-5505
417
-9077
-8354
-1857
9475
-1678
-1810
6089
-854
-3088
-9790
3374
-956
6349
-167
7878
1029
9121
-3109
-69
-4755
5179
9135
-6752
-9952
2083
3578
1015
-1227
5396
-5427
1987
1043
9052
854
7220
4126
-4553
-9704
-5714
3310
-2850
-4426
2967
-8742
-4735
-824
5372
-6828
-5615
-9836
6070
9524
-9164
-603
-1463
-932
7293
3594
8776
2893
-7310
-3486
5202
-190
-995
5346
-8781
1100
1649
4648
5706
-751
8363
-2241
2636
-8035
4077
9470
7757
-522
-5891
5144
-762
-9311
8895
4394
3538
9379
-2899
-4886
-3698
-8049
-8509
-6954
-1336
-9992
6904
6243
7426
-5288
-4015
-6927
8587
-3866
5470
-922
-4893
-6771
-7162
3967
9315
9225
4329
3034
-1658
-9665
7901
-623
-8387
6159
5745
-1927
6452
6688
-3231
5963
-2494
6950
-3698
-8334
5359
8138
-2911
-9329
-7009
3212
-2844
2794
7072
-5419
7968
-7315
-7145
3841
2639
-1072
-1483
7808
7293
-6048
-8005
884
-3942
534
4607
-8500
-3441
1326
-4142
3643
-731
-3469
7622
-8223
2170
2567
9050
-983
5990
-7354
2959
7455
6405
998
-9081
-3223
7332
1983
-4008
-6754
1990
575
-9956
-6906
6693
-9571
-5194
1796
4011
7498
-8249
-5533
-789
-2852
-705
8920
-5559
4567
-9442
-1810
-4849
-2042
-730
-3355
-7278
-2716
-234
-7478
-7375
-9893
-3014
5838
-5778
-6954
-8578
2594
7109
-7265
6919
-9162
9256
-8890
-9397
-799
-6704
-4711
-6848
5075
-6850
3003
-6566
-4204
4067
-1500
-5123
2082
-4203
-6937
1652
9188
656
5220
4643
-3150
7977
8163
-4487
-4438
401
-839
-5246
-3218
-3218
-1583
7148
-9991
7108
-789
2408
188
-7231
-234
-4687
-787
1766
-1000
9256
-8557
-3944
4875
-8927
3481
-2843
9529
-2732
6386
-1197
-7177
1610
8963
-7784
8279
-4721
9488
5560
-1878
-2095
-6927
-6224
1067
-9463
9261
-3767
6883
5213
-2992
1397
626
-3701
-117
3123
-1000
1224
2643
-2008
-4172
9803
7622
6200
-2139
8251
8838
8784
-8892
-2011
270
-1644
-1984
7719
7272
-5615
6358
-1956
2704
8042
2156
-3519
-4839
5938
221
8470
8219
9301
-7651
-2487
7579
8394
8973
-8516
-7916
-1172
3534
9849
-2115
-6
9152
-3753
198
-4928
-7673
-9956
-8079
2675
4382
-7494
4939
9166
3780
5129
3749
3411
-3459
7660
-5911
3871
-9940
3841
5668
-6753
6765
-1323
-5094
4838
808
-1237
8127
2790
-2507
1770
-9424
-4276
8670
-7877
-4631
-9317
-6446
5912
4031
-3210
-8109
-7375
1020
-1224
-3665
9698
-2173
8567
4265
-2275
7838
659
4282
7120
1114
4211
1284
6211
-8472
1835
6362
-3578
-3187
4137
-3100
7600
7579
-6173
9195
6201
2470
-6086
-2282
-2405
-6202
-4143
-6372
100
-726
3937
-1115
9502
-4203
267
-4954
-9294
-6550
-7091
-4248
-5562
-9065
2047
4618
9173
9732
2643
-865
-5196
7809
8034
117
-4115
3358
3875
-5546
-639
7373
-3801
5398
-328
169
-9810
-3890
6790
9302
-9055
-8852
-1696
5633
-7874
7865
6835
-1444
8278
-6602
-4215
5714
8440
2668
-4589
9364
2120
-8003
-39
-6300
-6479
2233
1961
-6863
-5833
-8739
972
8069
362
-5665
4096
-9376
-5735
-6256
200
4722
7861
-8068
-4465
2259
-60
4881
-7162
-785
4311
7736
-2723
-7156
-7422
-3585
8251
3721
-1377
-9515
6357
-6554
8308
-9877
-9754
4714
7050
-5043
-3997
3967
7692
-6795
-7017
-9164
-4494
-9744
-3173
2494
2706
2578
7403
9261
-1844
-639
9266
-3677
1265
6466
-7504
-3304
-7808
-3717
-3129
-6169
3483
-3628
6148
9627
-1021
-9914
5261
-5787
-1872
-8600
4456
3791
-9964
-2993
3323
8141
-7624
8276
-2137
-411
-1833
-112
1369
3716
4791
6812
-7134
5318
-285
3631
-1572
-1471
-7551
-7383
9225
-7988
-5263
1314
1726
-9255
-7464
4235
-1258
8653
-9471
-3479
5126
1765
1877
-8284
-3804
-8047
1791
2489
9584
1104
1967
3496
-2725
9186
-3420
2093
6174
4410
-1573
-8373
-8569
7734
5646
-7229
7089
288
5041
-5631
-2715
5213
-1381
-7007
-5768
-6720
2269
7650
-1644
8937
-1052
-9435
-4903
-1284
3611
-3627
1695
-3532
9315
5430
-3675
7723
-90
-5416
1326
-3008
-7834
-3122
-6628
7111
-4116
2237
-4725
-96
8903
-393
-5025
547
5784
7866
-4203
-1568
-8145
-5539
2756
9489
-3948
9450
-36
-952
6149
-5465
-1754
-8299
9457
5470
598
1557
-7417
2130
-3585
-1089
6818
-5309
482
2213
-3454
9970
1723
7927
3211
-5479
1029
9647
-7283
4659
-9416
-3791
-6570
-8880
9972
7563
-5598
295
-1788
7879
5213
-5615
-2105
-9198
-7984
2706
-2103
-2496
-6203
837
-766
7206
-6078
-894
9866
1459
-2496
-6740
5916
3587
5202
5830
2668
2228
-8250
-2735
-7063
-7164
-2851
-2412
-9200
-3755
1495
6539
3226
-2964
-6959
-2588
-1439
-3049
827
7189
-995
9089
-9512
-3692
-6479
-8966
4592
8703
-4446
-4787
977
-8884
-5688
5102
3064
-8666
2727
-9450
-5200
8968
4382
-2331
1748
-8721
8533
9839
5664
-3486
-8400
-4298
8514
-1734
-7802
-8770
7990
6652
7819
3236
-9662
-5130
-4707
287
-1020
-5471
8784
3116
9344
-3623
9691
1241
7660
-1300
-1225
-393
-603
9583
5746
8901
-4798
1765
4189
-726
2273
-5560
6157
-6341
5367
7933
2396
-7478
-7392
-1553
-5182
4163
9023
-5422
-4931
7671
1284
5828
9524
-1984
-4883
2380
-8851
-5701
-6766
7703
-7047
5522
-137
-3519
4080
7759
-2360
-1418
-4465
-5887
3455
6790
-4970
9258
-7072
9334
-6785
-21
5883
6539
-438
-2908
-8997
-6484
-3361
-4134
9731
6351
4650
8375
-9770
7381
4060
-6389
5933
-9324
6921
-2247
-5673
8733
-38
445
3596
-3579
429
-8583
2492
4219
1967
-1126
-5750
-245
7600
-5913
-9090
1668
6896
-892
770
7927
6839
9023
-1037
-9088
-3427
-5346
-916
2470
-2527
3225
2405
-7697
-8440
-5478
6626
8902
3241
1484
7660
-3090
3317
7649
-9274
-3519
9550
-5863
3109
-6962
9653
-8254
-7261
-3956
-3328
9052
3931
916
-1664
4759
-8045
2902
7916
-5079
-6064
-9927
297
-3751
-3707
-561
9659
3377
7336
9414
-9379
-9220
5876
3005
669
-8529
-8944
9453
-4216
-6544
-3532
-5869
8025
-1090
6619
3228
-3570
-7589
4739
626
-3795
1284
9303
-8726
1281
6863
8541
-4919
-8005
-3890
8917
-3754
1135
7732
-5299
-4735
-6586
2949
-7826
-4563
-5042
3811
-4311
9641
1588
-3661
9004
2949
-9405
2664
-9120
4739
716
5163
5338
-6382
9266
-4484
5405
5705
5577
-6549
9214
3384
7272
1823
-3628
-2003
9338
9697
4060
-2051
2010
-5635
2953
-2862
-3421
-7936
6001
-830
-5711
-106
9510
9936
6440
-9111
7819
-6972
4456
-1716
4475
-3590
9839
3343
9751
-3791
-4346
-4859
4759
-9825
4536
3389
2558
8942
-4705
7439
5745
-5380
7881
4972
-5760
2700
8175
1726
-3588
-8942
-5489
-8179
1499
-6675
-3137
-7164
5190
4155
-6177
5986
183
6938
2150
-4770
-2025
4259
-2830
-4877
-5615
-2969
-7676
1032
-4228
6149
5813
1695
-1080
-4319
-6794
1813
83
-9258
5163
6896
401
-8226
-2096
511
-2509
3869
8828
-7360
-1118
5740
-908
-2376
3316
-6523
9728
-5735
5311
374
8863
7539
-5181
-6848
8098
2273
61
-6836
-66
105
4747
-8361
-2601
4050
-6513
-1578
8603
4443
-2712
8672
-5891
-2385
-3136
-4495
-6889
-8995
8663
-5851
1015
-1715
-9504
8278
7758
-8852
-2722
-3687
2411
2331
2940
8283
-5535
-7676
7500
2431
1877
-1647
821
-6799
8205
-7824
4496
-8291
4650
-6080
4480
-4474
4937
2988
4157
-6779
-342
-7708
-1953
7026
4437
-938
7312
-8855
4369
4226
100
-744
-7231
7200
-8177
6671
-7439
-4227
-1461
-3009
-3449
-1708
7798
-8087
1766
2943
-401
9017
5420
-8082
-235
6868
-4512
-6762
5213
4944
8901
7695
-6526
-1568
7534
1572
5273
-3689
9867
-3652
-4917
-6855
2713
4667
-6064
4711
4847
9340
2971
9188
8205
-7517
1004
-310
2029
3312
3954
9703
-4019
8968
-3809
7808
1542
-4597
-111
-7494
-5115
5989
3332
1205
9633
-2927
-2836
-755
-9025
7849
-7037
1814
-9555
1876
6278
4419
-3638
5470
-3635
-8264
7923
-9816
-2199
-8488
-4120
5693
7953
5136
359
-5221
-6667
312
5668
8819
-2654
8362
4381
-1658
7932
-6309
7567
-9027
377
7041
105
2643
-8979
-2418
-5773
1572
9036
-1471
5645
-3638
6460
-8056
5788
9160
9381
641
-3704
-622
-4919
-1569
5925
5372
9036
6806
2432
3570
-4595
-2236
-5151
9535
2139
-5999
-5119
-8152
-7574
4800
-5965
-2743
6814
183
-8648
581
-4666
688
-7503
-2275
-4521
1122
6975
-6753
-2127
1763
6708
-9339
7652
9052
4706
5448
-1335
1381
-6459
4274
251
1920
2171
594
7041
-6146
1006
9814
-6704
-1471
5259
6905
8001
-7466
4694
1388
8089
9525
-5529
8193
2704
-6987
-522
-5391
-5510
-8459
-3842
-3692
-878
4080
-9116
-1157
6143
-9825
-5615
5295
-7562
-8972
4382
1812
452
2673
-6393
3094
8032
-4296
-7877
-8851
4688
-924
-4352
306
-967
-1536
-1662
-5784
4142
4327
-9148
5797
-5089
-6992
-6115
4775
-6704
-2684
7838
-7869
4924
4490
1590
568
-6721
1608
2556
-5598
-5322
8770
-7912
2107
2609
-1435
8942
-899
-5751
4740
374
-1997
-6
-3665
3219
-1786
4154
2259
-2713
-9906
6950
8297
-6115
-9315
-7691
-5142
-9811
-4085
-3701
-6093
9168
-9733
-2388
-1299
2489
6519
-647
-8732
-1436
29
-9331
3695
-3297
9749
9176
-4906
-9206
-5091
-9068
-505
-1751
-4199
-2470
-2103
-420
-6991
-7545
9478
-1811
4031
5348
8062
-1629
-2599
-71
-7529
9838
-1752
4243
-304
-6869
7848
6301
7131
7292
8151
9834
1241
3590
7240
1928
7783
1535
420
-9781
4654
1649
-8527
857
-8063
4962
-2487
2678
3167
2465
5291
-9183
-3202
4643
-5478
-6393
-6667
-7330
-9445
-9505
-9754
1598
9647
-7818
-6623
9525
-938
-2499
3968
-1289
-9948
-5091
8219
6381
7362
2059
-5250
2675
-3272
9746
-8440
-7904
-1471
-8107
5755
6410
5426
-6094
8519
-2836
-2494
5794
-5383
5310
4602
-1438
3875
3214
-5244
1991
4242
3289
-3145
-4675
7049
4400
3484
-5415
-1163
4924
-3361
-3154
29
9428
9471
-2594
2799
-8387
6800
2538
-766
7239
-4203
-6249
5708
-560
9732
9266
-4037
5354
-7020
-8165
1938
1636
5258
9274
-6256
6500
9428
9069
-1405
2846
-660
-2102
-315
3869
-4166
3864
2304
3615
-5662
6906
-1366
-7367
9205
-5313
1726
-2285
-4431
1823
-9571
7179
4876
6896
-9591
4714
9126
-2914
-7535
3454
-4885
6148
8887
5621
-6717
-6251
3134
6974
9832
-6393
4383
-8475
9379
-1594
8836
-5197
1096
-7145
29
8862
9804
9724
519
-536
-9138
5837
-3438
916
-6739
2507
-6717
341
-6430
6005
-8049
4057
-1217
7856
2272
5984
1388
-9810
4747
-877
-3044
3578
5310
-2917
-7499
-299
-9685
-983
3649
8776
4336
-6238
-9133
-2640
-8291
-7479
8365
-598
8838
4462
-9666
2330
1875
-1922
-17
4080
4416
-2142
2658
-2702
7236
7877
4203
5342
-621
8016
3973
-1107
7779
-7122
-4814
1837
4499
-5310
8583
6480
-4963
-5196
6358
4041
-4204
-1272
7666
356
8566
-9065
-8666
439
-3701
-7946
9338
3241
-3935
-8398
-6869
6358
-9200
5673
-7909
1961
1184
9457
8407
8615
-1290
-8627
6909
-2282
8033
1226
-6058
-9742
-4422
3666
-7384
-7593
-1226
-8373
4921
-6058
8155
2405
-1000
-4177
-7752
847
497
-7315
429
-299
-8412
2673
1921
6961
8659
-7090
-4115
-3514
9937
-8898
-3425
-161
3857
2313
6802
5660
-1003
-7228
-4319
-5583
-7209
4997
-8475
-3665
-2931
3335
-8963
1182
7958
-3751
2923
-5207
-8574
-2922
-952
4809
-6182
3042
2713
1826
6980
-729
-561
6580
798
2970
4726
-5259
-3985
-4919
3048
-9808
-5738
7977
3607
-4890
-8601
743
8410
-161
6777
-4015
214
6301
4687
5545
8875
-8277
2308
-5141
-9416
-1256
-5646
-7063
-4498
8904
-4381
-2768
-2973
-8011
4398
-1705
-8381
-6711
9295
9735
-9398
-2927
-7691
2609
-9258
-4585
-2993
530
5149
-8077
-5690
4061
2769
-3129
5178
1158
-9463
7592
8352
-8516
-4654
-7272
2236
-6132
9582
-9889
-8152
4274
-342
-6547
9866
4835
-4131
-1003
-1037
-3717
5261
9089
9639
9602
-370
2981
1979
4200
8659
-1590
5226
4835
2194
5952
-9045
1407
-8775
-1839
-9626
3048
8
3562
110
-3794
8964
-6107
1938
-1955
-4884
3769
8817
3417
-5583
7275
-5453
-3099
-7439
4749
-1206
-5753
1813
-6133
9944
-2844
4740
-7536
4659
2777
4287
8931
8564
1959
3644
8705
8346
6684
854
-7726
-5198
-39
-8594
-8020
-2722
-3513
6759
3764
-5262
-8816
9772
-3895
-2172
-2239
-1063
5800
657
2376
-7552
-2369
5780
4992
-8855
3991
-2914
5706
-7185
5347
-6869
-5285
-58
2978
-3723
1122
4300
2756
-2122
-8658
8441
-924
-8229
5073
8723
9328
9720
2770
-7082
-7402
8181
5927
9527
-2051
3896
8074
-4954
-7965
9381
8672
7083
7578
7437
9399
4473
-4459
2370
-6096
5903
-6962
-9406
794
-3751
6466
2599
1268
-7532
-7215
-799
-9606
-7834
-4446
-963
-7707
1545
-9521
5362
-4627
-89
429
291
-6547
-4755
-5792
-1297
-2331
-4968
-8760
6889
-4458
9168
-4908
-7407
-2814
-9652
-2843
440
-7277
9979
-8600
2162
-2360
7933
2809
-1942
9948
-3374
-8721
4213
-846
-3354
6807
5031
7479
2338
-3367
-5025
-6904
-909
-9454
6470
3719
5201
8776
2754
3733
-5383
2947
6881
-7025
-8884
-818
-3464
7542
-2165
5788
-1845
3094
2073
2627
-5150
5311
6109
8373
-4820
8621
4236
-9619
-2048
-9515
5178
9242
5561
-2112
-9062
4476
-1708
-3945
-4579
-6850
2470
3952
617
6657
-3825
-2982
4274
2466
3365
-6382
-9435
9089
4287
5535
9437
-4755
5273
-8566
774
8331
-3624
2089
-7161
-2314
-2069
1922
-1733
9081
-5298
-9334
1267
-1418
2690
2538
-2107
-6645
-7
7342
-4423
8127
8181
-9055
-62
2304
-6153
-7445
-7265
-2998
-4319
4688
-4319
5249
-6040
9252
-9315
-6849
-5281
-4896
-1909
4834
2840
-5458
-1132
-1003
3178
-9545
-1898
7289
38
-4515
6961
5749
-4428
-6753
735
-4874
6896
-5635
2918
8708
7600
417
-1372
6891
-9220
7104
9441
-6921
-7152
7342
-6270
-3260
9344
7118
-1189
-8944
5152
-7934
5348
980
-5127
5473
-1761
6470
-4800
7249
-6101
291
-8011
-8724
-7134
-1145
9648
-5396
973
-1313
1999
5717
2940
5155
4265
509
6896
-96
8861
-5827
-7237
3967
-7398
5675
-9600
-4897
-3764
5975
-4495
9403
-3089
-3408
-1905
-2496
-6082
-5198
4270
3050
2988
-3005
-5536
-2132
7292
-6745
-5943
-9540
-9914
5266
669
-2190
-4191
-8575
-9845
3543
-2398
429
-1746
-8701
6349
-8041
7117
9536
-9965
-2977
-1815
-1994
-4498
-360
-6257
8861
8574
2673
2622
13
-7984
-6752
1728
209
-4232
2453
1313
9972
-183
7797
1122
-2152
8497
4924
-6803
-6274
9555
3673
-4712
1813
3967
8219
1750
-9688
3096
4014
-1635
-7726
-2200
5861
-438
-952
4096
-6600
-5394
-8503
-7744
-2814
8563
-3652
1456
3831
-4550
-9830
328
-6906
8423
-9757
-7494
-4345
-3656
819
2281
-9392
-6554
5155
-499
9703
4968
-5383
-1903
5362
-5091
7660
9789
-1899
-2544
7477
-2113
-7471
-8581
2575
839
-3066
8127
-1484
1350
3362
-4385
-1574
-5427
4939
1835
4581
4229
-9772
-1390
1492
2673
-254
8195
8688
-8628
-1934
6468
-9200
-6199
-2878
7427
1828
4250
8930
-454
-5096
-7808
6162
-2105
5664
2823
4206
-7132
-4026
-2008
9459
334
-7573
-9258
4236
3808
6585
-561
5410
7434
5096
4837
-3908
-8552
8958
-5326
8657
-8245
7439
2210
-9576
3894
3439
9045
-9805
-2862
-4780
9215
79
-3469
-9705
6876
6591
-7239
-1967
-9753
-312
5720
9671
4457
-2532
-5547
1357
-1214
-2935
-4859
-4639
-315
2905
-7886
8170
9794
-5851
-3184
-8374
8429
2033
-471
-4823
8045
4514
-2139
-5196
-6315
9188
8074
8510
2074
3666
-3833
-3717
-1644
-2562
-4089
-88
-312
3289
6252
3481
5226
3666
6077
3480
3234
3871
4343
-234
-498
-7344
-1279
-5145
-4129
2331
6904
-3691
9312
-1730
-285
9441
-3469
-1296
7789
-2652
2561
-7407
117
-8588
7470
4166
-4024
5757
3007
4518
5673
-6488
-6951
-9127
-1822
-4979
-3590
-1872
-3700
5580
-4536
-2713
4041
-6284
2332
2260
-6953
-6788
-4855
-8130
7343
-3558
-7416
-1328
3036
6211
3078
-2694
-5212
-3397
1504
-6570
-60
-5801
-1387
1067
-751
-7771
9472
-8594
7539
7618
1619
-8613
-7833
5028
-7335
5473
-1473
2453
-8667
1347
2073
-5878
5989
8321
3835
9202
3806
7814
-7532
1372
-9753
9665
2074
-2712
-8071
-4963
4014
5562
-498
9731
-5260
9522
-1906
3309
-6410
-1483
-3019
2666
-2028
6087
2548
4456
-5678
-9919
-2838
-9515
-2000
2599
1325
-3636
8665
-7242
5788
-1893
-7558
4008
2598
-7280
-7017
-1172
6534
-6202
5870
-9668
-8449
-7781
3452
1467
9698
-4714
2622
-1925
2039
-4071
-2337
-738
-1200
1362
1386
7192
-6754
720
-5760
-1022
4900
-2108
-4654
-8104
-816
9934
1641
-8184
-1554
-6393
9274
5662
739
-5146
6839
5963
312
-8278
9414
-2568
1444
-5489
-7859
5320
-8715
8842
8869
-8721
-64
1291
3899
7591
-3397
-2236
-8167
2595
-604
-8797
2933
-738
-8650
6734
6578
-8314
24
-5126
2758
-8447
8644
-9667
1440
-370
4562
-9522
-9521
3483
1462
-5606
8019
3528
-9055
-6992
1514
8051
7914
6577
-4869
608
8443
-9856
1689
-488
2287
3115
-3514
2396
-7381
-1213
915
671
-1639
1941
6708
5348
-7119
-8656
-3701
861
5332
-9138
117
8570
9386
7572
-8594
9764
-3769
3939
879
-6133
3478
2056
-7566
7056
-1654
4240
3564
6091
-4110
3937
-9651
-714
6763
-1248
-613
-5973
52
2691
1585
7838
-3698
6532
2170
-4959
9176
6926
2780
1681
-1594
6888
869
853
-9411
-6654
-7
-5281
-9695
-4928
-6721
-4550
1572
3374
-1937
-241
-4248
-7193
9332
-1246
-8861
1877
-9236
1484
-5819
-1290
-7780
-2607
-5422
-5959
3218
999
-6731
894
3686
6440
-1213
4809
-5025
-2028
751
-8636
6545
-4681
-618
-8555
8958
308
4893
9426
45
4988
-6051
3878
6167
5746
-6788
-3129
-1839
-1190
-7667
-2964
-5631
-9984
-2011
-353
-4029
-274
-8071
-7344
-3742
23
-7826
5713
1630
9236
626
-9045
-6700
-5232
8356
-3393
2426
3945
-1658
-1925
-7881
-4229
8546
-2684
-8837
2673
550
7085
2795
-1983
-4609
8870
-641
1098
-1064
3109
-9338
-2236
-1552
5916
7606
8218
3936
7670
-2527
-9467
-558
8785
8067
7927
6290
6983
-5225
1469
-9582
3277
-4963
-3962
3973
4421
5087
-2190
-1217
5361
-4170
4075
